show interface counters errors

--------------------------------------------------------------------------------
Port          Align-Err    FCS-Err   Xmit-Err    Rcv-Err  UnderSize OutDiscards
--------------------------------------------------------------------------------
mgmt0                   0          0         --         --         --          --
Eth1/1                  0          0          0          0          0           0
Eth1/2                  0          0          0          0          0           0
Eth1/3                  0          0          0          0          0           0
Eth1/4                  0          0          0          0          0           0
Eth1/5                  0          0          0          0          0           0
Eth1/6                  0          0          0          0          0           0
Eth1/7                  0          0          0          0          0           0
Eth1/8                  0          0          0          0          0           0
Eth1/9                  0          0          0          0          0           0
Eth1/10                 0          0          0          0          0           0
Eth1/11                 0          0          0          0          0           0
Eth1/12                 0          0          0          0          0           0
Eth1/13                 0          0          0          0          0           0
Eth1/14                 0          0          0          0          0           0
Eth1/15                 0          0          0          0          0           0
Eth1/16                 0          0          0          0          0           0
Eth1/17                 0          0          0          0          0           0
Eth1/18                 0          0          0          0          0           0
Eth1/19                 0          0          0          0          0           0
Eth1/20                 0          0          0          0          0           0
Eth1/21                 0          0          0          0          0           0
Eth1/22                 0          0          0          0          0           0
Eth1/23                 0          0          0          0          0           0
Eth1/24                 0          0          0          0          0           0
Eth1/25                 0          0          0          0          0           0
Eth1/26                 0          0          0          0          0           0
Eth1/27                 0          0          0          0          0           0
Eth1/28                 0          0          0          0          0           0
Eth1/29                 0          0          0          0          0           0
Eth1/30                 0          0          0          0          0           0
Eth1/31                 0          0          0          0          0           0
Eth1/32                 0          0          0          0          0           0
Eth1/33                 0          0          0          0          0           0
Eth1/34                 0          0          0          0          0           0
Eth1/35                 0          0          0          0          0           0
Eth1/36                 0          0          0          0          0           0
Eth1/37                 0          0          0          0          0           0
Eth1/38                 0          0          0          0          0           0
Eth1/39                 0          0          0          0          0           0
Eth1/40                 0          0          0          0          0           0
Eth1/41                 0          0          0          0          0           0
Eth1/42                 0          0          0          0          0           0
Eth1/43                 0          0          0          0          0           0
Eth1/44                 0          0          0          0          0           0
Eth1/45                 0          0          0          0          0           0
Eth1/46                 0          0          0          0          0           0
Eth1/47                 0          0          0          0          0           0
Eth1/48                 0          0          0          0          0           0
Eth1/49                 0          0          0          0          0           0
Eth1/50                 0          0          0          0          0           0
Eth1/51                 0          0          0          0          0           0
Eth1/52                 0          0          0          0          0           0
Eth1/53                 0          0          0          0          0           0
Eth1/54                 0          0          0          0          0           0
Po50                    0          0          0          0          0           0
Po101                   0          0          0          0          0           0
Po201                   0          0          0          0          0           0
Po700                   0          0          0          0          0        4303
Po701                   0          0          0          0          0           0

----------------------------------------------------------------------------------
Port           Single-Col  Multi-Col   Late-Col  Exces-Col  Carri-Sen       Runts
----------------------------------------------------------------------------------
mgmt0                   0          0          0          0         --          --
Eth1/1                  0          0          0          0          0           0
Eth1/2                  0          0          0          0          0           0
Eth1/3                  0          0          0          0          0           0
Eth1/4                  0          0          0          0          0           0
Eth1/5                  0          0          0          0          0           0
Eth1/6                  0          0          0          0          0           0
Eth1/7                  0          0          0          0          0           0
Eth1/8                  0          0          0          0          0           0
Eth1/9                  0          0          0          0          0           0
Eth1/10                 0          0          0          0          0           0
Eth1/11                 0          0          0          0          0           0
Eth1/12                 0          0          0          0          0           0
Eth1/13                 0          0          0          0          0           0
Eth1/14                 0          0          0          0          0           0
Eth1/15                 0          0          0          0          0           0
Eth1/16                 0          0          0          0          0           0
Eth1/17                 0          0          0          0          0           0
Eth1/18                 0          0          0          0          0           0
Eth1/19                 0          0          0          0          0           0
Eth1/20                 0          0          0          0          0           0
Eth1/21                 0          0          0          0          0           0
Eth1/22                 0          0          0          0          0           0
Eth1/23                 0          0          0          0          0           0
Eth1/24                 0          0          0          0          0           0
Eth1/25                 0          0          0          0          0           0
Eth1/26                 0          0          0          0          0           0
Eth1/27                 0          0          0          0          0           0
Eth1/28                 0          0          0          0          0           0
Eth1/29                 0          0          0          0          0           0
Eth1/30                 0          0          0          0          0           0
Eth1/31                 0          0          0          0          0           0
Eth1/32                 0          0          0          0          0           0
Eth1/33                 0          0          0          0          0           0
Eth1/34                 0          0          0          0          0           0
Eth1/35                 0          0          0          0          0           0
Eth1/36                 0          0          0          0          0           0
Eth1/37                 0          0          0          0          0           0
Eth1/38                 0          0          0          0          0           0
Eth1/39                 0          0          0          0          0           0
Eth1/40                 0          0          0          0          0           0
Eth1/41                 0          0          0          0          0           0
Eth1/42                 0          0          0          0          0           0
Eth1/43                 0          0          0          0          0           0
Eth1/44                 0          0          0          0          0           0
Eth1/45                 0          0          0          0          0           0
Eth1/46                 0          0          0          0          0           0
Eth1/47                 0          0          0          0          0           0
Eth1/48                 0          0          0          0          0           0
Eth1/49                 0          0          0          0          0           0
Eth1/50                 0          0          0          0          0           0
Eth1/51                 0          0          0          0          0           0
Eth1/52                 0          0          0          0          0           0
Eth1/53                 0          0          0          0          0           0
Eth1/54                 0          0          0          0          0           0
Po50                    0          0          0          0          0           0
Po101                   0          0          0          0          0           0
Po201                   0          0          0          0          0           0
Po700                   0          0          0          0          0           0
Po701                   0          0          0          0          0           0

----------------------------------------------------------------------------------
Port            Giants SQETest-Err Deferred-Tx IntMacTx-Er IntMacRx-Er Symbol-Err
----------------------------------------------------------------------------------
mgmt0                0           0           0           0           0          0
Eth1/1               0          --           0           0           0          0
Eth1/2               0          --           0           0           0          0
Eth1/3               0          --           0           0           0          0
Eth1/4               0          --           0           0           0          0
Eth1/5               0          --           0           0           0          0
Eth1/6               0          --           0           0           0          0
Eth1/7               0          --           0           0           0          0
Eth1/8               0          --           0           0           0          0
Eth1/9               0          --           0           0           0          0
Eth1/10              0          --           0           0           0          0
Eth1/11              0          --           0           0           0          0
Eth1/12              0          --           0           0           0          0
Eth1/13              0          --           0           0           0          0
Eth1/14              0          --           0           0           0          0
Eth1/15              0          --           0           0           0          0
Eth1/16              0          --           0           0           0          0
Eth1/17              0          --           0           0           0          0
Eth1/18              0          --           0           0           0          0
Eth1/19              0          --           0           0           0          0
Eth1/20              0          --           0           0           0          0
Eth1/21              0          --           0           0           0          0
Eth1/22              0          --           0           0           0          0
Eth1/23              0          --           0           0           0          0
Eth1/24              0          --           0           0           0          0
Eth1/25              0          --           0           0           0          0
Eth1/26              0          --           0           0           0          0
Eth1/27              0          --           0           0           0          0
Eth1/28              0          --           0           0           0          0
Eth1/29              0          --           0           0           0          0
Eth1/30              0          --           0           0           0          0
Eth1/31              0          --           0           0           0          0
Eth1/32              0          --           0           0           0          0
Eth1/33              0          --           0           0           0          0
Eth1/34              0          --           0           0           0          0
Eth1/35              0          --           0           0           0          0
Eth1/36              0          --           0           0           0          0
Eth1/37              0          --           0           0           0          0
Eth1/38              0          --           0           0           0          0
Eth1/39              0          --           0           0           0          0
Eth1/40              0          --           0           0           0          0
Eth1/41              0          --           0           0           0          0
Eth1/42              0          --           0           0           0          0
Eth1/43              0          --           0           0           0          0
Eth1/44              0          --           0           0           0          0
Eth1/45              0          --           0           0           0          0
Eth1/46              0          --           0           0           0          0
Eth1/47              0          --           0           0           0          0
Eth1/48              0          --           0           0           0          0
Eth1/49              0          --           0           0           0          0
Eth1/50              0          --           0           0           0          0
Eth1/51              0          --           0           0           0          0
Eth1/52              0          --           0           0           0          0
Eth1/53              0          --           0           0           0          0
Eth1/54              0          --           0           0           0          0
Po50                 0          --           0           0           0          0
Po101                0          --           0           0           0          0
Po201                0          --           0           0           0          0
Po700                0          --           0           0           0          0
Po701                0          --           0           0           0          0

----------------------------------------------------------------------------------
Port           InDiscards
----------------------------------------------------------------------------------
mgmt0                  --
Eth1/1                  0
Eth1/2                  0
Eth1/3                  0
Eth1/4                  0
Eth1/5                  0
Eth1/6                  0
Eth1/7                  0
Eth1/8                  0
Eth1/9                  0
Eth1/10                 0
Eth1/11                 0
Eth1/12                 0
Eth1/13                 0
Eth1/14                 0
Eth1/15                 0
Eth1/16                 0
Eth1/17                 0
Eth1/18                 0
Eth1/19                 0
Eth1/20                 0
Eth1/21                 0
Eth1/22                 0
Eth1/23                 0
Eth1/24                 0
Eth1/25                 0
Eth1/26                 0
Eth1/27                 0
Eth1/28                 0
Eth1/29                 0
Eth1/30                 0
Eth1/31                 0
Eth1/32                 0
Eth1/33                 0
Eth1/34                 0
Eth1/35                 0
Eth1/36                 0
Eth1/37                 0
Eth1/38                 0
Eth1/39                 0
Eth1/40                 0
Eth1/41                 0
Eth1/42                 0
Eth1/43                 0
Eth1/44                 0
Eth1/45                 0
Eth1/46                 0
Eth1/47                 0
Eth1/48                 0
Eth1/49                 0
Eth1/50                 0
Eth1/51                 0
Eth1/52                 0
Eth1/53                 0
Eth1/54                 0
Po50                    0
Po101                   0
Po201                   0
Po700                   0
Po701                   0

--------------------------------------------------------------------------------
Port         Stomped-CRC
--------------------------------------------------------------------------------
Eth1/1                0
Eth1/2                0
Eth1/3                0
Eth1/4                0
Eth1/5                0
Eth1/6                0
Eth1/7                0
Eth1/8                0
Eth1/9                0
Eth1/10               0
Eth1/11               0
Eth1/12               0
Eth1/13               0
Eth1/14               0
Eth1/15               0
Eth1/16               0
Eth1/17               0
Eth1/18               0
Eth1/19               0
Eth1/20               0
Eth1/21               0
Eth1/22               0
Eth1/23               0
Eth1/24               0
Eth1/25               0
Eth1/26               0
Eth1/27               0
Eth1/28               0
Eth1/29               0
Eth1/30               0
Eth1/31               0
Eth1/32               0
Eth1/33               0
Eth1/34               0
Eth1/35               0
Eth1/36               0
Eth1/37               0
Eth1/38               0
Eth1/39               0
Eth1/40               0
Eth1/41               0
Eth1/42               0
Eth1/43               0
Eth1/44               0
Eth1/45               0
Eth1/46               0
Eth1/47               0
Eth1/48               0
Eth1/49               0
Eth1/50               0
Eth1/51               0
Eth1/52               0
Eth1/53               0
Eth1/54               0
Po50                  0
Po101                 0
Po201                 0
Po700                 0
Po701                 0
